561445
10497
10497
10497
10497
10500
10497
443878
10497
443876
561444
874269
10497
10498
561443
10497
10497
10497
10497
686262
10497
10497
1932881
10497
10497
1973452
1477405
1477405
1477405
1859492
693272
1956188
1269028
1128135
1247379
2496520
2109587
1842663
1094892
1235314
212035
2109586
1128140
2071566
1128131
212035
2126985
2126984
2596887
2487766
212035
212035
1461100
554168
1420594
1835008
1766765
1077221
1899318
212035
2487771
1977640
2024608
2506609
1977631
1977633
2487765
2506608
1128135
1977638
1737588
1842663
938081
1586712
2071566
2487770
1737588
1737588
1842663
2487775
2126984
38525
755273
755274
251749
38525
38525
1474867
1128424
552509
652954
759753
1535247
28321
2420051
1128135
212035
2109586
1235314
212035
1094892
1128140
46021
2487775
10506
1278254
1278260
1278253
1278258
240269
1278256
1278262
1917232
1278264
83442
1278259
1278257
380598
1278248
1278250
42683
1278249
1278246
1278252
399781
1278263
1278247
346932
1278251
1278261
1278265
1278255
1278272
1278276
1278271
1278269
1278268
1278273
1278275
322019
1278274
1278278
1278279
1278277
1278270
880160
373997
1586714
880159
1120767
642926
1785753
1663210
1663208
754062
880161
696472
754065
754064
754063
1663209
1663209
880162
373996
755272
1586713
2079134
1586715
1586715
1278261
2060617
97195
455364
